0.15990059832059272  0.020518818534324246
0.16864155663480646  0.04663528612152157
0.17786397851995886  0.07321031153078883
0.18758306565593308  0.09886822129591588
0.19781704442354256  0.12269189977276307
0.2086093588865925  0.14651557824961026
0.2229299535751429  0.17614232373831246
0.23307420348882243  0.20119237778581195
0.2436867079286234  0.22685384226273814
0.2514915548182328  0.25282634402207615
0.25949681245473405  0.27451897277542736
0.26553800753898904  0.3041634918231246
0.2740539277107207  0.33105310922660264
0.28167241363502427  0.3622243769919671
0.2853763836862484  0.3967475364279577
0.2897097951010753  0.4344772108159498
0.29826096109588895  0.48635208512349865
0.3066898854844176  0.5108689690476627
0.33750013085777963  0.5561127666965282
0.3553761986778069  0.5126953946285904
0.35980185978224216  0.49004881437738823
0.36412931550074934  0.4579684443388121
0.37353806349282986  0.42965610545368127
0.3786063568737245  0.3792230088147488
0.37894738970844954  0.3993995529858297
0.38318925975105594  0.3572069012876893
0.39101504328426945  0.3241818513191503
0.4006642400953084  0.28718085620343836
0.4124995771282775  0.2590435349585139
0.42467872822589314  0.23060050849887614
0.44591235108160876  0.1984514690019562
0.49943543098009396  0.17000333646145255
0.5674839707970663  0.20118288023109132
0.6245694608846214  0.22241756193759565
0.6678369704089019  0.2501727699873851
0.7514719740074833  0.2844774978803046
0.8376586520837144  0.2274384335521144
0.8947037366667809  0.20382653527615774
1.0373034166350237  0.21791688758067168
1.1494059074919893  0.18341881879084987
1.377502321541198  0.157081312760879
1.8329071729038136  0.14170653791900067
2.4395684999000062  0.13275157258610248
3.2478581408913416  0.1295494235664466
4.323889869196716  0.12601377794892143
5.756330652471209  0.1221446357335273
7.663603004533477  0.1191092350128059
10.203010754104294  0.11649070503942083
13.584380808563585  0.1147059165607085
18.086434774843756  0.11300450223146352
24.081786753411343  0.11247032599476048
32.064498086897764  0.11193614975805732
42.69398067218882  0.11173547011922325
56.84843937409606  0.11203503537719284
75.69444016111146  0.11200110403729346
100.79113644358947  0.11263416589313224
134.2112068481131  0.11368409849630723
178.7132846675206  0.11481740524894968
237.97235486385762  0.11603408615105926
316.8868797882928  0.11766763780050549
421.97199014687345  0.11938456359941885
561.9072113566818  0.12118486354779923
748.2647422585335  0.1234854083929835
996.4243741766415  0.12570257908870064
1326.90017204695  0.1281698722328194
1766.9887075344047  0.1307205395264056
2353.0837059084465  0.13368807756732792
3133.581388156115  0.13665561560825046
4172.963457076632  0.139623153649173
5557.203019189679  0.14300756243743185
7304.824942467211  0.14608048152541353